stepsize	distance	function	gradient	dist_dualval1	dist_dualval2	func_dualval1	func_dualval2	func_dualval3	func_dualval4	func_dualval5	func_dualval6	grad_dualval1	grad_dualval2	
-1.0000e+00	4.0000e+00	4.0000e+00	4.0000e+00	4.0001e+00	4.0001e+00	3.0001e+00	7.0256e-05	8.4228e-05	1.6175e-04	3.9156e-05	1.0002e+00	4.0001e+00	4.0001e+00	
-9.5960e-01	3.8400e+00	3.8400e+00	3.8400e+00	3.7609e+00	3.7609e+00	2.8401e+00	6.8586e-05	7.8353e-05	1.6124e-04	3.7095e-05	1.0002e+00	4.0843e+00	4.0843e+00	
-9.1919e-01	3.6833e+00	3.6833e+00	3.6833e+00	3.5285e+00	3.5285e+00	2.6833e+00	6.7231e-05	7.3036e-05	1.6176e-04	3.5305e-05	1.0002e+00	4.1760e+00	4.1760e+00	
-8.7879e-01	3.5298e+00	3.5298e+00	3.5298e+00	3.3021e+00	3.3021e+00	2.5299e+00	6.5952e-05	6.7988e-05	1.6258e-04	3.3593e-05	1.0002e+00	4.2760e+00	4.2760e+00	
-8.3838e-01	3.3797e+00	3.3797e+00	3.3797e+00	3.0827e+00	3.0827e+00	2.3797e+00	6.4702e-05	6.3148e-05	1.6356e-04	3.1917e-05	1.0002e+00	4.3857e+00	4.3857e+00	
-7.9798e-01	3.2327e+00	3.2327e+00	3.2327e+00	2.8695e+00	2.8695e+00	2.2328e+00	6.3493e-05	5.8531e-05	1.6476e-04	3.0277e-05	1.0002e+00	4.5065e+00	4.5065e+00	
-7.5758e-01	3.0891e+00	3.0891e+00	3.0891e+00	2.6630e+00	2.6630e+00	2.0891e+00	6.2305e-05	5.4083e-05	1.6605e-04	2.8663e-05	1.0002e+00	4.6402e+00	4.6402e+00	
-7.1717e-01	2.9487e+00	2.9487e+00	2.9487e+00	2.4630e+00	2.4630e+00	1.9487e+00	6.1150e-05	4.9806e-05	1.6741e-04	2.7074e-05	1.0002e+00	4.7888e+00	4.7888e+00	
-6.7677e-01	2.8115e+00	2.8115e+00	2.8115e+00	2.2696e+00	2.2696e+00	1.8116e+00	6.0039e-05	4.5696e-05	1.6879e-04	2.5508e-05	1.0002e+00	4.9561e+00	4.9561e+00	
-6.3636e-01	2.6777e+00	2.6777e+00	2.6777e+00	2.0827e+00	2.0827e+00	1.6777e+00	5.8930e-05	4.1625e-05	1.6857e-04	2.3902e-05	1.0002e+00	5.1428e+00	5.1428e+00	
-5.9596e-01	2.5471e+00	2.5471e+00	2.5471e+00	1.9023e+00	1.9023e+00	1.5471e+00	6.2042e-05	3.9318e-05	1.7765e-04	2.3473e-05	1.0002e+00	5.3559e+00	5.3559e+00	
-5.5556e-01	2.4198e+00	2.4198e+00	2.4198e+00	1.7284e+00	1.7284e+00	1.4198e+00	4.2585e-05	2.5647e-05	1.2595e-04	1.5622e-05	1.0002e+00	5.5999e+00	5.5999e+00	
-5.1515e-01	2.2957e+00	2.2957e+00	2.2957e+00	1.5611e+00	1.5611e+00	1.2957e+00	4.1990e-05	2.3349e-05	1.2930e-04	1.4616e-05	1.0002e+00	5.8823e+00	5.8823e+00	
-4.7475e-01	2.1749e+00	2.1749e+00	2.1749e+00	1.4003e+00	1.4003e+00	1.1749e+00	4.1465e-05	2.1180e-05	1.3354e-04	1.3665e-05	1.0002e+00	6.2127e+00	6.2127e+00	
-4.3434e-01	2.0573e+00	2.0573e+00	2.0573e+00	1.2461e+00	1.2461e+00	1.0573e+00	4.0712e-05	1.8996e-05	1.3772e-04	1.2655e-05	1.0002e+00	6.6048e+00	6.6048e+00	
-3.9394e-01	1.9431e+00	1.9431e+00	1.9431e+00	1.0983e+00	1.0983e+00	9.4305e-01	5.6336e-05	2.3326e-05	1.9939e-04	1.6095e-05	1.0002e+00	7.0785e+00	7.0785e+00	
-3.5354e-01	1.8321e+00	1.8321e+00	1.8321e+00	9.5709e-01	9.5709e-01	8.3204e-01	5.2388e-05	2.0079e-05	2.0030e-04	1.4182e-05	1.0002e+00	7.6592e+00	7.6592e+00	
-3.1313e-01	1.7243e+00	1.7243e+00	1.7243e+00	8.2235e-01	8.2235e-01	7.2429e-01	5.1800e-05	1.8051e-05	2.1980e-04	1.3093e-05	1.0003e+00	8.3876e+00	8.3876e+00	
-2.7273e-01	1.6198e+00	1.6198e+00	1.6198e+00	6.9416e-01	6.9416e-01	6.1981e-01	5.0899e-05	1.5939e-05	2.4268e-04	1.1878e-05	1.0003e+00	9.3339e+00	9.3339e+00	
-2.3232e-01	1.5186e+00	1.5186e+00	1.5186e+00	5.7256e-01	5.7256e-01	5.1858e-01	7.5618e-05	2.0901e-05	4.0803e-04	1.5931e-05	1.0005e+00	1.0609e+01	1.0609e+01	
-1.9192e-01	1.4207e+00	1.4207e+00	1.4207e+00	4.5745e-01	4.5745e-01	4.2063e-01	7.7502e-05	1.8540e-05	4.8435e-04	1.4562e-05	1.0005e+00	1.2421e+01	1.2421e+01	
-1.5152e-01	1.3260e+00	1.3260e+00	1.3260e+00	3.4902e-01	3.4902e-01	3.2594e-01	7.7464e-05	1.6210e-05	6.2044e-04	1.3089e-05	1.0007e+00	1.5200e+01	1.5200e+01	
-1.1111e-01	1.2346e+00	1.2346e+00	1.2346e+00	2.4691e-01	2.4691e-01	2.3452e-01	7.2536e-05	1.2890e-05	8.0148e-04	1.0733e-05	1.0009e+00	2.0001e+01	2.0001e+01	
-7.0707e-02	1.1464e+00	1.1464e+00	1.1464e+00	1.5139e-01	1.5139e-01	1.4636e-01	7.0352e-05	9.9952e-06	1.2188e-03	8.5267e-06	1.0013e+00	3.0288e+01	3.0288e+01	
-3.0303e-02	1.0615e+00	1.0615e+00	1.0615e+00	6.2424e-02	6.2424e-02	6.1479e-02	5.3817e-05	4.3166e-06	1.7953e-03	3.8547e-06	1.0018e+00	6.7996e+01	6.7996e+01	
1.0101e-02	9.9798e-01	9.9798e-01	9.9798e-01	2.0177e-02	2.0177e-02	2.1701e-06	3.0126e-06	6.1258e-04	3.9192e-01	1.4118e-03	1.3905e+00	1.9795e+02	1.9795e+02	
5.0505e-02	9.8992e-01	9.8992e-01	9.8992e-01	1.0050e-01	1.0050e-01	1.0726e-05	1.2736e-05	2.8336e-03	4.3769e-01	7.2655e-03	1.4304e+00	3.9396e+01	3.9396e+01	
9.0909e-02	9.8190e-01	9.8190e-01	9.8190e-01	1.8017e-01	1.8017e-01	1.0312e-05	1.3048e-05	4.8994e-03	4.5277e-01	1.3223e-02	1.4396e+00	2.1804e+01	2.1804e+01	
1.3131e-01	9.7391e-01	9.7391e-01	9.7391e-01	2.5919e-01	2.5919e-01	2.0009e-05	2.5057e-05	6.9379e-03	4.5968e-01	1.9198e-02	1.4405e+00	1.5031e+01	1.5031e+01	
1.7172e-01	9.6595e-01	9.6595e-01	9.6595e-01	3.3755e-01	3.3755e-01	2.1186e-05	2.5306e-05	8.8316e-03	4.6914e-01	2.5264e-02	1.4439e+00	1.1452e+01	1.1452e+01	
2.1212e-01	9.5803e-01	9.5803e-01	9.5803e-01	4.1526e-01	4.1526e-01	2.3280e-05	2.6176e-05	1.0658e-02	4.7694e-01	3.1366e-02	1.4456e+00	9.2285e+00	9.2285e+00	
2.5253e-01	9.5013e-01	9.5013e-01	9.5013e-01	4.9231e-01	4.9231e-01	2.5400e-05	2.7627e-05	1.2456e-02	4.8212e-01	3.7465e-02	1.4447e+00	7.7200e+00	7.7200e+00	
2.9293e-01	9.4227e-01	9.4227e-01	9.4227e-01	5.6871e-01	5.6871e-01	2.4056e-05	2.5710e-05	1.4243e-02	4.8490e-01	4.3534e-02	1.4414e+00	6.6279e+00	6.6279e+00	
3.3333e-01	9.3444e-01	9.3444e-01	9.3444e-01	6.4445e-01	6.4445e-01	2.4623e-05	2.6234e-05	1.6076e-02	4.8469e-01	4.9530e-02	1.4352e+00	5.8002e+00	5.8002e+00	
3.7374e-01	9.2665e-01	9.2665e-01	9.2665e-01	7.1958e-01	7.1958e-01	3.4571e-05	3.7984e-05	1.7876e-02	4.8484e-01	5.5548e-02	1.4293e+00	5.1514e+00	5.1514e+00	
4.1414e-01	9.1889e-01	9.1889e-01	9.1889e-01	7.9402e-01	7.9402e-01	3.8953e-05	4.4087e-05	1.9660e-02	4.8436e-01	6.1536e-02	1.4229e+00	4.6293e+00	4.6293e+00	
4.5455e-01	9.1116e-01	9.1116e-01	9.1116e-01	8.6778e-01	8.6778e-01	4.2843e-05	4.9837e-05	2.1410e-02	4.8400e-01	6.7525e-02	1.4165e+00	4.2000e+00	4.2000e+00	
4.9495e-01	9.0346e-01	9.0346e-01	9.0346e-01	9.4093e-01	9.4093e-01	1.6170e-05	1.8874e-05	2.3227e-02	4.8137e-01	7.3348e-02	1.4080e+00	3.8408e+00	3.8408e+00	
5.3535e-01	8.9580e-01	8.9580e-01	8.9580e-01	1.0134e+00	1.0134e+00	1.7593e-05	2.0938e-05	2.4916e-02	4.8122e-01	7.9327e-02	1.4019e+00	3.5358e+00	3.5358e+00	
5.7576e-01	8.8816e-01	8.8816e-01	8.8816e-01	1.0853e+00	1.0853e+00	1.8972e-05	2.2977e-05	2.6576e-02	4.8101e-01	8.5302e-02	1.3957e+00	3.2737e+00	3.2737e+00	
6.1616e-01	8.8056e-01	8.8056e-01	8.8056e-01	1.1564e+00	1.1564e+00	2.0312e-05	2.4993e-05	2.8212e-02	4.8070e-01	9.1270e-02	1.3895e+00	3.0464e+00	3.0464e+00	
6.5657e-01	8.7300e-01	8.7300e-01	8.7300e-01	1.2270e+00	1.2270e+00	2.1615e-05	2.6985e-05	2.9826e-02	4.8025e-01	9.7225e-02	1.3831e+00	2.8462e+00	2.8462e+00	
6.9697e-01	8.6546e-01	8.6546e-01	8.6546e-01	1.2969e+00	1.2969e+00	2.2882e-05	2.8952e-05	3.1423e-02	4.7963e-01	1.0317e-01	1.3765e+00	2.6696e+00	2.6696e+00	
7.3737e-01	8.5796e-01	8.5796e-01	8.5796e-01	1.3660e+00	1.3660e+00	2.4106e-05	3.0889e-05	3.3011e-02	4.7876e-01	1.0908e-01	1.3697e+00	2.5124e+00	2.5124e+00	
7.7778e-01	8.5049e-01	8.5049e-01	8.5049e-01	1.4346e+00	1.4346e+00	2.5282e-05	3.2778e-05	3.4606e-02	4.7746e-01	1.1496e-01	1.3625e+00	2.3718e+00	2.3718e+00	
8.1818e-01	8.4306e-01	8.4306e-01	8.4306e-01	1.5025e+00	1.5025e+00	2.6361e-05	3.4511e-05	3.6251e-02	4.7528e-01	1.2075e-01	1.3546e+00	2.2446e+00	2.2446e+00	
8.5859e-01	8.3565e-01	8.3565e-01	8.3565e-01	1.5697e+00	1.5697e+00	2.6740e-05	3.4909e-05	3.8005e-02	4.7164e-01	1.2640e-01	1.3453e+00	2.1294e+00	2.1294e+00	
8.9899e-01	8.2828e-01	8.2828e-01	8.2828e-01	1.6364e+00	1.6364e+00	3.2666e-05	4.4118e-05	3.9532e-02	4.7057e-01	1.3226e-01	1.3384e+00	2.0248e+00	2.0248e+00	
9.3939e-01	8.2095e-01	8.2095e-01	8.2095e-01	1.7023e+00	1.7023e+00	3.4888e-05	4.8165e-05	4.1006e-02	4.6975e-01	1.3813e-01	1.3317e+00	1.9294e+00	1.9294e+00	
9.7980e-01	8.1364e-01	8.1364e-01	8.1364e-01	1.7676e+00	1.7676e+00	3.6378e-05	5.1195e-05	4.2467e-02	4.6879e-01	1.4398e-01	1.3249e+00	1.8413e+00	1.8413e+00	
1.0202e+00	8.0637e-01	8.0637e-01	8.0637e-01	1.8323e+00	1.8323e+00	3.7806e-05	5.4493e-05	4.3893e-02	4.6795e-01	1.4983e-01	1.3182e+00	1.7604e+00	1.7604e+00	
1.0606e+00	7.9913e-01	7.9913e-01	7.9913e-01	1.8962e+00	1.8962e+00	3.8766e-05	5.7448e-05	4.5382e-02	4.6626e-01	1.5559e-01	1.3107e+00	1.6857e+00	1.6857e+00	
1.1010e+00	7.9192e-01	7.9192e-01	7.9192e-01	1.9596e+00	1.9596e+00	3.9035e-05	5.9678e-05	4.7008e-02	4.6314e-01	1.6117e-01	1.3020e+00	1.6166e+00	1.6166e+00	
1.1414e+00	7.8475e-01	7.8475e-01	7.8475e-01	2.0223e+00	2.0223e+00	3.8550e-05	6.1078e-05	4.8821e-02	4.5832e-01	1.6653e-01	1.2919e+00	1.5522e+00	1.5522e+00	
1.1818e+00	7.7760e-01	7.7760e-01	7.7760e-01	2.0843e+00	2.0843e+00	3.7194e-05	6.1382e-05	5.0873e-02	4.5153e-01	1.7162e-01	1.2800e+00	1.4923e+00	1.4923e+00	
1.2222e+00	7.7049e-01	7.7049e-01	7.7049e-01	2.1458e+00	2.1458e+00	3.6336e-05	6.1655e-05	5.3147e-02	4.4311e-01	1.7646e-01	1.2667e+00	1.4364e+00	1.4364e+00	
1.2626e+00	7.6342e-01	7.6342e-01	7.6342e-01	2.2065e+00	2.2065e+00	3.7371e-05	6.3367e-05	5.5572e-02	4.3379e-01	1.8111e-01	1.2527e+00	1.3840e+00	1.3840e+00	
1.3030e+00	7.5637e-01	7.5637e-01	7.5637e-01	2.2665e+00	2.2665e+00	3.7514e-05	6.2965e-05	5.8284e-02	4.2257e-01	1.8544e-01	1.2372e+00	1.3349e+00	1.3349e+00	
1.3434e+00	7.4936e-01	7.4936e-01	7.4936e-01	2.3259e+00	2.3259e+00	3.0936e-05	4.9265e-05	6.0542e-02	4.1514e-01	1.9018e-01	1.2250e+00	1.2887e+00	1.2887e+00	
1.3838e+00	7.4238e-01	7.4238e-01	7.4238e-01	2.3847e+00	2.3847e+00	2.6906e-05	4.8155e-05	6.3642e-02	4.0184e-01	1.9405e-01	1.2078e+00	1.2453e+00	1.2453e+00	
1.4242e+00	7.3544e-01	7.3544e-01	7.3544e-01	2.4428e+00	2.4428e+00	3.1326e-05	5.7540e-05	6.8205e-02	3.7883e-01	1.9645e-01	1.1824e+00	1.2043e+00	1.2043e+00	
1.4646e+00	7.2852e-01	7.2852e-01	7.2852e-01	2.5002e+00	2.5002e+00	4.0301e-05	7.0523e-05	7.3807e-02	3.4979e-01	1.9778e-01	1.1521e+00	1.1655e+00	1.1655e+00	
1.5051e+00	7.2164e-01	7.2164e-01	7.2164e-01	2.5570e+00	2.5570e+00	3.4650e-05	5.3268e-05	7.9360e-02	3.2236e-01	1.9909e-01	1.1233e+00	1.1289e+00	1.1289e+00	
1.5455e+00	7.1479e-01	7.1479e-01	7.1479e-01	2.6133e+00	2.6133e+00	4.1342e-05	5.9271e-05	8.4118e-02	3.0134e-01	2.0119e-01	1.1002e+00	1.0941e+00	1.0941e+00	
1.5859e+00	7.0798e-01	7.0798e-01	7.0798e-01	2.6687e+00	2.6687e+00	3.0528e-05	4.1577e-05	8.9689e-02	2.7599e-01	2.0241e-01	1.0736e+00	1.0611e+00	1.0611e+00	
1.6263e+00	7.0119e-01	7.0119e-01	7.0119e-01	2.7236e+00	2.7236e+00	3.0573e-05	4.0779e-05	9.5135e-02	2.5251e-01	2.0374e-01	1.0488e+00	1.0298e+00	1.0298e+00	
1.6667e+00	6.9444e-01	6.9444e-01	6.9444e-01	2.7778e+00	2.7778e+00	4.5887e-05	6.1548e-05	1.0109e-01	2.2700e-01	2.0458e-01	1.0225e+00	1.0000e+00	1.0000e+00	
1.7071e+00	6.8773e-01	6.8773e-01	6.8773e-01	2.8313e+00	2.8313e+00	7.0372e-05	9.8085e-05	1.0988e-01	1.8593e-01	2.0256e-01	9.8346e-01	9.7160e-01	9.7160e-01	
1.7475e+00	6.8104e-01	6.8104e-01	6.8104e-01	2.8842e+00	2.8842e+00	3.5816e-05	4.8224e-05	1.1995e-01	1.3897e-01	1.9909e-01	9.3993e-01	9.4451e-01	9.4451e-01	
1.7879e+00	6.7439e-01	6.7439e-01	6.7439e-01	2.9365e+00	2.9365e+00	4.1192e-05	5.3945e-05	1.3171e-01	8.4738e-02	1.9400e-01	8.9079e-01	9.1865e-01	9.1865e-01	
1.8283e+00	6.8605e-01	6.8605e-01	6.8605e-01	3.0287e+00	3.0287e+00	6.4985e-02	1.0416e-04	1.7170e-01	4.0602e-05	2.0734e-01	7.9281e-01	9.0608e-01	9.0608e-01	
1.8687e+00	7.5462e-01	7.5462e-01	7.5462e-01	3.2466e+00	3.2466e+00	1.9175e-01	9.9958e-05	2.0323e-01	3.8716e-05	2.3400e-01	7.6614e-01	9.2973e-01	9.2973e-01	
1.9091e+00	8.2645e-01	8.2645e-01	8.2645e-01	3.4711e+00	3.4711e+00	2.9865e-01	9.5675e-05	2.2488e-01	3.7155e-05	2.4742e-01	7.5272e-01	9.5238e-01	9.5238e-01	
1.9495e+00	9.0154e-01	9.0154e-01	9.0154e-01	3.7021e+00	3.7021e+00	4.0920e-01	7.6451e-05	2.4727e-01	3.0538e-05	2.6046e-01	7.3965e-01	9.7409e-01	9.7409e-01	
1.9899e+00	9.7990e-01	9.7990e-01	9.7990e-01	3.9396e+00	3.9396e+00	5.1925e-01	9.7159e-05	2.6833e-01	4.0422e-05	2.7112e-01	7.2902e-01	9.9493e-01	9.9493e-01	
2.0303e+00	1.0615e+00	1.0615e+00	1.0615e+00	4.1837e+00	4.1837e+00	6.2747e-01	9.4421e-05	2.8722e-01	3.9630e-05	2.7882e-01	7.2131e-01	1.0149e+00	1.0149e+00	
2.0707e+00	1.1464e+00	1.1464e+00	1.1464e+00	4.4342e+00	4.4342e+00	7.4139e-01	9.4287e-05	3.0767e-01	4.0609e-05	2.8740e-01	7.1274e-01	1.0342e+00	1.0342e+00	
2.1111e+00	1.2346e+00	1.2346e+00	1.2346e+00	4.6915e+00	4.6915e+00	8.4612e-01	7.6872e-05	3.2189e-01	3.0864e-05	2.8974e-01	7.1037e-01	1.0526e+00	1.0526e+00	
2.1515e+00	1.3260e+00	1.3260e+00	1.3260e+00	4.9551e+00	4.9551e+00	9.6029e-01	7.8963e-05	3.3951e-01	2.9719e-05	2.9487e-01	7.0523e-01	1.0704e+00	1.0704e+00	
2.1919e+00	1.4207e+00	1.4207e+00	1.4207e+00	5.2253e+00	5.2253e+00	1.0787e+00	7.9948e-05	3.5784e-01	2.8291e-05	3.0026e-01	6.9985e-01	1.0876e+00	1.0876e+00	
2.2323e+00	1.5186e+00	1.5186e+00	1.5186e+00	5.5019e+00	5.5019e+00	1.2032e+00	7.9691e-05	3.7793e-01	2.7449e-05	3.0672e-01	6.9339e-01	1.1041e+00	1.1041e+00	
2.2727e+00	1.6198e+00	1.6198e+00	1.6198e+00	5.7851e+00	5.7851e+00	1.3350e+00	7.8894e-05	4.0049e-01	2.7656e-05	3.1471e-01	6.8539e-01	1.1200e+00	1.1200e+00	
2.3131e+00	1.7243e+00	1.7243e+00	1.7243e+00	6.0749e+00	6.0749e+00	1.4700e+00	7.8647e-05	4.2331e-01	2.8223e-05	3.2241e-01	6.7770e-01	1.1354e+00	1.1354e+00	
2.3535e+00	1.8321e+00	1.8321e+00	1.8321e+00	6.3712e+00	6.3712e+00	1.6079e+00	9.0853e-05	4.4622e-01	3.5311e-05	3.2972e-01	6.7041e-01	1.1502e+00	1.1502e+00	
2.3939e+00	1.9431e+00	1.9431e+00	1.9431e+00	6.6741e+00	6.6741e+00	1.7550e+00	8.0086e-05	4.7281e-01	3.2901e-05	3.3924e-01	6.6088e-01	1.1646e+00	1.1646e+00	
2.4343e+00	2.0573e+00	2.0573e+00	2.0573e+00	6.9834e+00	6.9834e+00	1.8907e+00	8.3422e-05	4.9107e-01	3.4830e-05	3.4241e-01	6.5771e-01	1.1784e+00	1.1784e+00	
2.4747e+00	2.1749e+00	2.1749e+00	2.1749e+00	7.2993e+00	7.2993e+00	2.0313e+00	8.5632e-05	5.1037e-01	3.6840e-05	3.4612e-01	6.5400e-01	1.1918e+00	1.1918e+00	
2.5152e+00	2.2957e+00	2.2957e+00	2.2957e+00	7.6217e+00	7.6217e+00	2.1765e+00	8.7575e-05	5.3060e-01	3.8860e-05	3.5025e-01	6.4988e-01	1.2048e+00	1.2048e+00	
2.5556e+00	2.4198e+00	2.4198e+00	2.4198e+00	7.9506e+00	7.9506e+00	2.3256e+00	8.9394e-05	5.5138e-01	4.0866e-05	3.5452e-01	6.4561e-01	1.2174e+00	1.2174e+00	
2.5960e+00	2.5471e+00	2.5471e+00	2.5471e+00	8.2861e+00	8.2861e+00	2.4785e+00	9.1139e-05	5.7263e-01	4.2847e-05	3.5886e-01	6.4128e-01	1.2296e+00	1.2296e+00	
2.6364e+00	2.6777e+00	2.6777e+00	2.6777e+00	8.6281e+00	8.6281e+00	2.6358e+00	6.0736e-05	5.9473e-01	2.9876e-05	3.6348e-01	6.3661e-01	1.2414e+00	1.2414e+00	
2.6768e+00	2.8115e+00	2.8115e+00	2.8115e+00	8.9768e+00	8.9768e+00	2.7960e+00	6.1961e-05	6.1669e-01	3.1194e-05	3.6782e-01	6.3227e-01	1.2529e+00	1.2529e+00	
2.7172e+00	2.9487e+00	2.9487e+00	2.9487e+00	9.3317e+00	9.3317e+00	2.9598e+00	6.3141e-05	6.3901e-01	3.2480e-05	3.7217e-01	6.2792e-01	1.2639e+00	1.2639e+00	
2.7576e+00	3.0891e+00	3.0891e+00	3.0891e+00	9.6933e+00	9.6933e+00	3.1271e+00	6.4279e-05	6.6161e-01	3.3736e-05	3.7648e-01	6.2362e-01	1.2747e+00	1.2747e+00	
2.7980e+00	3.2327e+00	3.2327e+00	3.2327e+00	1.0061e+01	1.0061e+01	3.2977e+00	6.5379e-05	6.8437e-01	3.4961e-05	3.8068e-01	6.1942e-01	1.2852e+00	1.2852e+00	
2.8384e+00	3.3797e+00	3.3797e+00	3.3797e+00	1.0436e+01	1.0436e+01	3.4724e+00	6.6443e-05	7.0779e-01	3.6156e-05	3.8506e-01	6.1505e-01	1.2954e+00	1.2954e+00	
2.8788e+00	3.5298e+00	3.5298e+00	3.5298e+00	1.0817e+01	1.0817e+01	3.6504e+00	6.7471e-05	7.3132e-01	3.7321e-05	3.8930e-01	6.1081e-01	1.3053e+00	1.3053e+00	
2.9192e+00	3.6833e+00	3.6833e+00	3.6833e+00	1.1205e+01	1.1205e+01	3.8319e+00	6.8472e-05	7.5516e-01	3.8460e-05	3.9353e-01	6.0658e-01	1.3149e+00	1.3149e+00	
2.9596e+00	3.8400e+00	3.8400e+00	3.8400e+00	1.1599e+01	1.1599e+01	4.0170e+00	6.9445e-05	7.7928e-01	3.9574e-05	3.9773e-01	6.0238e-01	1.3243e+00	1.3243e+00	
3.0000e+00	4.0000e+00	4.0000e+00	4.0000e+00	1.2000e+01	1.2000e+01	4.2054e+00	7.0388e-05	8.0361e-01	4.0660e-05	4.0186e-01	5.9825e-01	1.3334e+00	1.3334e+00	
